22222222222222222222222222222222
20000300000000000000000000000002
20000000000001111110000000000002
20000000000000000000000000000002
20000000000000000000000000000002
20000011111111000011111111000002
20000000000000000000000000000002
20000000000000000000000000000002
21111110000111111111100001110002
20000000000000000000000000000002
20000000000000000000000000000002
20001111111111000011111111110002
20000000000000000000000000000002
20000000000000000000000000000002
21000000000111111111100000000012
20000000000000000000000000000002
20000000000000000000000000000002
21111111111111111111111111111112
22222222222222222222222222222222